4401515 
4401515 
4401515 
4401515 
4401515 
4401515 
4401515 
4401515 
4401515 
4401515 
4401515 
4401515 
4401515 
4401515 
4401515 
4401506 
4401440 
4401351 
4401266 
4401194 
4401148 
4401111 
4401083 
4401059 
4401036 
4401019 
4401003 
4400993 
4400981 
4400974 
4400966 
4400958 
4400953 
4400946 
4400942 
4400939 
4400937 
4400935 
4400935 
4400936 
4400938 
4400939 
4400947 
4400948 
4400947 
4400950 
4400954 
4400950 
4400950 
4400954 
4400957 
4400963 
4400968 
4400974 
4400982 
4400997 
4401006 
4401022 
4401030 
4401046 
4401059 
4401074 
4401088 
4401105 
4401121 
4401142 
4401163 
4401187 
4401214 
4401254 
4401301 
4401316 
4401047 
4400768 
4400627 
4400528 
4400436 
4400366 
4400309 
4400259 
4400210 
4400161 
4400108 
4400050 
4399991 
4399919 
4399835 
4399727 
4399619 
4399535 
4399505 
4399505 
4399505 
4399505 
4399505 
4399505 
4399505 
4399438 
4399240 
4399045 
4398879 
4398763 
4398660 
4398580 
4398515 
4398467 
4398420 
4398397 
4398366 
4398346 
4398333 
4398326 
4398326 
4398326 
4398326 
